 17-Feb-2013       (cy_0036.dat - 1.0*Aver(cy_0035.dat,cy_0037.dat) /  2.6100 
 cy_0036.dat  Conc = .26E+01  N1 =    1  N2 = 1639
 cy_0035.dat  Conc = 0.0d+0   N1 =    1  N2 = 1639
 cy_0037.dat  Conc = 0.0d+0   N1 =    1  N2 = 1639
  0.166206E+00  0.796310E+03  0.220672E+02
  0.168858E+00  0.754372E+03  0.212085E+02
  0.171511E+00  0.757552E+03  0.213444E+02
  0.174163E+00  0.734565E+03  0.208211E+02
  0.176815E+00  0.760452E+03  0.203285E+02
  0.179467E+00  0.722665E+03  0.192712E+02
  0.182119E+00  0.732736E+03  0.199796E+02
  0.184772E+00  0.776389E+03  0.196189E+02
  0.187424E+00  0.753404E+03  0.187582E+02
  0.190076E+00  0.754092E+03  0.181467E+02
  0.192728E+00  0.716375E+03  0.183725E+02
  0.195380E+00  0.743571E+03  0.179557E+02
  0.198032E+00  0.727004E+03  0.180669E+02
  0.200685E+00  0.735839E+03  0.168232E+02
  0.203337E+00  0.741054E+03  0.170995E+02
  0.205989E+00  0.742159E+03  0.168906E+02
  0.208641E+00  0.798877E+03  0.171500E+02
  0.211293E+00  0.723096E+03  0.165376E+02
  0.213946E+00  0.745443E+03  0.160016E+02
  0.216598E+00  0.752686E+03  0.166935E+02
  0.219250E+00  0.755826E+03  0.159636E+02
  0.221902E+00  0.719027E+03  0.156475E+02
  0.224554E+00  0.737674E+03  0.156668E+02
  0.227206E+00  0.743540E+03  0.153228E+02
  0.229859E+00  0.747663E+03  0.156572E+02
  0.232511E+00  0.739651E+03  0.146793E+02
  0.235163E+00  0.773479E+03  0.154890E+02
  0.237815E+00  0.753971E+03  0.148171E+02
  0.240467E+00  0.764148E+03  0.149112E+02
  0.243120E+00  0.735324E+03  0.149943E+02
  0.245772E+00  0.748728E+03  0.140029E+02
  0.248424E+00  0.745213E+03  0.146975E+02
  0.251076E+00  0.751623E+03  0.144200E+02
  0.253728E+00  0.726929E+03  0.141241E+02
  0.256380E+00  0.742368E+03  0.142026E+02
  0.259033E+00  0.763705E+03  0.138175E+02
  0.261685E+00  0.744843E+03  0.143835E+02
  0.264337E+00  0.748531E+03  0.138698E+02
  0.266989E+00  0.721467E+03  0.137079E+02
  0.269641E+00  0.732751E+03  0.139891E+02
  0.272294E+00  0.736036E+03  0.133470E+02
  0.274946E+00  0.728690E+03  0.139812E+02
  0.277598E+00  0.761059E+03  0.133940E+02
  0.280250E+00  0.723958E+03  0.134738E+02
  0.282902E+00  0.726772E+03  0.135385E+02
  0.285554E+00  0.734249E+03  0.130440E+02
  0.288207E+00  0.735349E+03  0.134604E+02
  0.290859E+00  0.725837E+03  0.128818E+02
  0.293511E+00  0.720266E+03  0.130553E+02
  0.296163E+00  0.744071E+03  0.129900E+02
  0.298815E+00  0.712824E+03  0.128253E+02
  0.301468E+00  0.728063E+03  0.128421E+02
  0.304120E+00  0.730483E+03  0.125114E+02
  0.306772E+00  0.731531E+03  0.126117E+02
  0.309424E+00  0.714013E+03  0.124762E+02
  0.312076E+00  0.721259E+03  0.121192E+02
  0.314728E+00  0.708531E+03  0.123537E+02
  0.317381E+00  0.711854E+03  0.123992E+02
  0.320033E+00  0.724793E+03  0.123251E+02
  0.322685E+00  0.711487E+03  0.119879E+02
  0.325337E+00  0.717274E+03  0.120595E+02
  0.327989E+00  0.703672E+03  0.120332E+02
  0.330642E+00  0.718146E+03  0.121211E+02
  0.333294E+00  0.738605E+03  0.118750E+02
  0.335946E+00  0.730042E+03  0.115075E+02
  0.338598E+00  0.735762E+03  0.119308E+02
  0.341250E+00  0.698502E+03  0.116507E+02
  0.343902E+00  0.690008E+03  0.118755E+02
  0.346555E+00  0.712732E+03  0.114633E+02
  0.349207E+00  0.698023E+03  0.113908E+02
  0.351859E+00  0.684561E+03  0.114028E+02
  0.354511E+00  0.722615E+03  0.115142E+02
  0.357163E+00  0.699582E+03  0.114391E+02
  0.359816E+00  0.707594E+03  0.111342E+02
  0.362468E+00  0.694862E+03  0.111811E+02
  0.365120E+00  0.694642E+03  0.114290E+02
  0.367772E+00  0.704502E+03  0.109473E+02
  0.370424E+00  0.699634E+03  0.111698E+02
  0.373076E+00  0.716561E+03  0.110340E+02
  0.375729E+00  0.684274E+03  0.109885E+02
  0.378381E+00  0.704851E+03  0.110489E+02
  0.381033E+00  0.697347E+03  0.107406E+02
  0.383685E+00  0.723188E+03  0.109952E+02
  0.386337E+00  0.697418E+03  0.107349E+02
  0.388989E+00  0.696651E+03  0.107619E+02
  0.391642E+00  0.710791E+03  0.104939E+02
  0.394294E+00  0.693148E+03  0.106523E+02
  0.396946E+00  0.701916E+03  0.107491E+02
  0.399598E+00  0.689745E+03  0.106245E+02
  0.402250E+00  0.691337E+03  0.103627E+02
  0.404903E+00  0.690276E+03  0.104155E+02
  0.407555E+00  0.679519E+03  0.104539E+02
  0.410207E+00  0.685006E+03  0.105211E+02
  0.412859E+00  0.691174E+03  0.101499E+02
  0.415511E+00  0.679437E+03  0.103857E+02
  0.418163E+00  0.688534E+03  0.100722E+02
  0.420816E+00  0.679331E+03  0.102715E+02
  0.423468E+00  0.687462E+03  0.101969E+02
  0.426120E+00  0.684912E+03  0.999897E+01
  0.428772E+00  0.685931E+03  0.102391E+02
  0.431424E+00  0.695770E+03  0.100656E+02
  0.434077E+00  0.684657E+03  0.100681E+02
  0.436729E+00  0.679517E+03  0.975271E+01
  0.439381E+00  0.690642E+03  0.102081E+02
  0.442033E+00  0.667914E+03  0.103612E+02
  0.444685E+00  0.653349E+03  0.101543E+02
  0.447337E+00  0.665025E+03  0.103193E+02
  0.449990E+00  0.656496E+03  0.100569E+02
  0.452642E+00  0.657328E+03  0.104330E+02
  0.455294E+00  0.675728E+03  0.104335E+02
  0.457946E+00  0.664494E+03  0.100332E+02
  0.460598E+00  0.664421E+03  0.104135E+02
  0.463251E+00  0.648224E+03  0.102704E+02
  0.465903E+00  0.681567E+03  0.104579E+02
  0.468555E+00  0.642404E+03  0.101502E+02
  0.471207E+00  0.676837E+03  0.102225E+02
  0.473859E+00  0.683538E+03  0.105267E+02
  0.476511E+00  0.657268E+03  0.102209E+02
  0.479164E+00  0.664234E+03  0.103796E+02
  0.481816E+00  0.671573E+03  0.101865E+02
  0.484468E+00  0.645738E+03  0.101894E+02
  0.487120E+00  0.674718E+03  0.104433E+02
  0.489772E+00  0.650464E+03  0.101432E+02
  0.492425E+00  0.640489E+03  0.101364E+02
  0.495077E+00  0.646469E+03  0.100830E+02
  0.497729E+00  0.651111E+03  0.102281E+02
  0.500381E+00  0.631931E+03  0.102872E+02
  0.503033E+00  0.626222E+03  0.995644E+01
  0.505685E+00  0.673538E+03  0.102854E+02
  0.508338E+00  0.627979E+03  0.100889E+02
  0.510990E+00  0.657898E+03  0.102090E+02
  0.513642E+00  0.654234E+03  0.102762E+02
  0.516294E+00  0.644619E+03  0.101247E+02
  0.518946E+00  0.631125E+03  0.103624E+02
  0.521599E+00  0.629031E+03  0.100010E+02
  0.524251E+00  0.630092E+03  0.102280E+02
  0.526903E+00  0.619810E+03  0.102358E+02
  0.529555E+00  0.624285E+03  0.101147E+02
  0.532207E+00  0.630303E+03  0.102925E+02
  0.534859E+00  0.637176E+03  0.100920E+02
  0.537512E+00  0.634726E+03  0.102008E+02
  0.540164E+00  0.629155E+03  0.100595E+02
  0.542816E+00  0.615862E+03  0.102345E+02
  0.545468E+00  0.632557E+03  0.103284E+02
  0.548120E+00  0.639312E+03  0.100401E+02
  0.550773E+00  0.608335E+03  0.101704E+02
  0.553425E+00  0.626600E+03  0.101826E+02
  0.556077E+00  0.614036E+03  0.103030E+02
  0.558729E+00  0.624688E+03  0.101018E+02
  0.561381E+00  0.615916E+03  0.100495E+02
  0.564033E+00  0.604992E+03  0.100998E+02
  0.566686E+00  0.604906E+03  0.100854E+02
  0.569338E+00  0.611515E+03  0.993763E+01
  0.571990E+00  0.609895E+03  0.100519E+02
  0.574642E+00  0.595925E+03  0.996370E+01
  0.577294E+00  0.616343E+03  0.996035E+01
  0.579947E+00  0.618349E+03  0.101285E+02
  0.582599E+00  0.609983E+03  0.984571E+01
  0.585251E+00  0.609962E+03  0.987456E+01
  0.587903E+00  0.598172E+03  0.993099E+01
  0.590555E+00  0.610718E+03  0.988400E+01
  0.593207E+00  0.596603E+03  0.980085E+01
  0.595860E+00  0.593718E+03  0.987909E+01
  0.598512E+00  0.590230E+03  0.977221E+01
  0.601164E+00  0.581483E+03  0.985971E+01
  0.603816E+00  0.588337E+03  0.959739E+01
  0.606468E+00  0.600056E+03  0.988150E+01
  0.609121E+00  0.609812E+03  0.979847E+01
  0.611773E+00  0.602661E+03  0.981645E+01
  0.614425E+00  0.579134E+03  0.957837E+01
  0.617077E+00  0.592527E+03  0.950273E+01
  0.619729E+00  0.567904E+03  0.982644E+01
  0.622381E+00  0.576113E+03  0.966314E+01
  0.625034E+00  0.611423E+03  0.975208E+01
  0.627686E+00  0.577161E+03  0.955769E+01
  0.630338E+00  0.583138E+03  0.950666E+01
  0.632990E+00  0.568964E+03  0.970279E+01
  0.635642E+00  0.569648E+03  0.958308E+01
  0.638294E+00  0.561636E+03  0.934542E+01
  0.640947E+00  0.566941E+03  0.966549E+01
  0.643599E+00  0.580868E+03  0.936095E+01
  0.646251E+00  0.560284E+03  0.954997E+01
  0.648903E+00  0.567734E+03  0.926883E+01
  0.651555E+00  0.547693E+03  0.927463E+01
  0.654208E+00  0.556063E+03  0.943763E+01
  0.656860E+00  0.566693E+03  0.934981E+01
  0.659512E+00  0.566130E+03  0.948369E+01
  0.662164E+00  0.552379E+03  0.927823E+01
  0.664816E+00  0.560519E+03  0.970070E+01
  0.667468E+00  0.543619E+03  0.978206E+01
  0.670121E+00  0.547992E+03  0.964060E+01
  0.672773E+00  0.550443E+03  0.989550E+01
  0.675425E+00  0.564008E+03  0.975557E+01
  0.678077E+00  0.548692E+03  0.986503E+01
  0.680729E+00  0.552466E+03  0.986953E+01
  0.683382E+00  0.544688E+03  0.970811E+01
  0.686034E+00  0.536826E+03  0.991898E+01
  0.688686E+00  0.552651E+03  0.996235E+01
  0.691338E+00  0.541418E+03  0.100571E+02
  0.693990E+00  0.532554E+03  0.974089E+01
  0.696642E+00  0.543197E+03  0.991643E+01
  0.699295E+00  0.546381E+03  0.100887E+02
  0.701947E+00  0.536927E+03  0.100878E+02
  0.704599E+00  0.538333E+03  0.100328E+02
  0.707251E+00  0.543259E+03  0.978851E+01
  0.709903E+00  0.538692E+03  0.964791E+01
  0.712556E+00  0.521475E+03  0.965860E+01
  0.715208E+00  0.526287E+03  0.954697E+01
  0.717860E+00  0.528098E+03  0.955533E+01
  0.720512E+00  0.531617E+03  0.944338E+01
  0.723164E+00  0.515872E+03  0.947464E+01
  0.725816E+00  0.527117E+03  0.951745E+01
  0.728469E+00  0.519498E+03  0.923070E+01
  0.731121E+00  0.514649E+03  0.932418E+01
  0.733773E+00  0.522046E+03  0.933481E+01
  0.736425E+00  0.527525E+03  0.933813E+01
  0.739077E+00  0.506979E+03  0.921340E+01
  0.741730E+00  0.516494E+03  0.920227E+01
  0.744382E+00  0.509983E+03  0.917430E+01
  0.747034E+00  0.502772E+03  0.916957E+01
  0.749686E+00  0.503475E+03  0.912164E+01
  0.752338E+00  0.515807E+03  0.913930E+01
  0.754990E+00  0.491370E+03  0.914116E+01
  0.757643E+00  0.502262E+03  0.912571E+01
  0.760295E+00  0.506960E+03  0.909431E+01
  0.762947E+00  0.498170E+03  0.892751E+01
  0.765599E+00  0.500351E+03  0.903431E+01
  0.768251E+00  0.499111E+03  0.905332E+01
  0.770904E+00  0.504406E+03  0.899234E+01
  0.773556E+00  0.496962E+03  0.893843E+01
  0.776208E+00  0.486046E+03  0.882289E+01
  0.778860E+00  0.504100E+03  0.888943E+01
  0.781512E+00  0.487192E+03  0.910383E+01
  0.784164E+00  0.489420E+03  0.875294E+01
  0.786817E+00  0.493734E+03  0.889039E+01
  0.789469E+00  0.483887E+03  0.882384E+01
  0.792121E+00  0.486707E+03  0.884991E+01
  0.794773E+00  0.482153E+03  0.871521E+01
  0.797425E+00  0.483944E+03  0.874072E+01
  0.800078E+00  0.483239E+03  0.907332E+01
  0.802730E+00  0.473002E+03  0.904677E+01
  0.805382E+00  0.481927E+03  0.913702E+01
  0.808034E+00  0.481538E+03  0.906005E+01
  0.810686E+00  0.474554E+03  0.897688E+01
  0.813338E+00  0.477527E+03  0.927003E+01
  0.815991E+00  0.481529E+03  0.917117E+01
  0.818643E+00  0.471203E+03  0.893669E+01
  0.821295E+00  0.460552E+03  0.899967E+01
  0.823947E+00  0.456730E+03  0.887875E+01
  0.826599E+00  0.467278E+03  0.894835E+01
  0.829252E+00  0.452665E+03  0.863392E+01
  0.831904E+00  0.467678E+03  0.882873E+01
  0.834556E+00  0.453981E+03  0.868715E+01
  0.837208E+00  0.451125E+03  0.875973E+01
  0.839860E+00  0.449393E+03  0.868356E+01
  0.842512E+00  0.455402E+03  0.854700E+01
  0.845165E+00  0.457427E+03  0.864404E+01
  0.847817E+00  0.453412E+03  0.859591E+01
  0.850469E+00  0.447678E+03  0.860101E+01
  0.853121E+00  0.449659E+03  0.850436E+01
  0.855773E+00  0.433284E+03  0.853995E+01
  0.858426E+00  0.447615E+03  0.861995E+01
  0.861078E+00  0.427904E+03  0.843519E+01
  0.863730E+00  0.441239E+03  0.840522E+01
  0.866382E+00  0.441967E+03  0.847857E+01
  0.869034E+00  0.437360E+03  0.844174E+01
  0.871686E+00  0.432954E+03  0.849013E+01
  0.874339E+00  0.429236E+03  0.837759E+01
  0.876991E+00  0.421768E+03  0.833354E+01
  0.879643E+00  0.436703E+03  0.844605E+01
  0.882295E+00  0.429481E+03  0.843137E+01
  0.884947E+00  0.433680E+03  0.836720E+01
  0.887599E+00  0.432753E+03  0.839591E+01
  0.890252E+00  0.417377E+03  0.832611E+01
  0.892904E+00  0.430345E+03  0.811890E+01
  0.895556E+00  0.420967E+03  0.827913E+01
  0.898208E+00  0.421755E+03  0.821570E+01
  0.900860E+00  0.409098E+03  0.820103E+01
  0.903513E+00  0.420312E+03  0.826361E+01
  0.906165E+00  0.406247E+03  0.806038E+01
  0.908817E+00  0.423013E+03  0.812659E+01
  0.911469E+00  0.436333E+03  0.818347E+01
  0.914121E+00  0.415314E+03  0.819675E+01
  0.916773E+00  0.400805E+03  0.815922E+01
  0.919426E+00  0.414548E+03  0.800571E+01
  0.922078E+00  0.406330E+03  0.818642E+01
  0.924730E+00  0.409259E+03  0.802568E+01
  0.927382E+00  0.411188E+03  0.812816E+01
  0.930034E+00  0.398013E+03  0.805753E+01
  0.932687E+00  0.388339E+03  0.800419E+01
  0.935339E+00  0.403703E+03  0.804619E+01
  0.937991E+00  0.396946E+03  0.803459E+01
  0.940643E+00  0.399672E+03  0.797046E+01
  0.943295E+00  0.400456E+03  0.799671E+01
  0.945947E+00  0.388939E+03  0.793099E+01
  0.948600E+00  0.394745E+03  0.803841E+01
  0.951252E+00  0.390632E+03  0.793359E+01
  0.953904E+00  0.389466E+03  0.797433E+01
  0.956556E+00  0.372921E+03  0.785847E+01
  0.959208E+00  0.383682E+03  0.790959E+01
  0.961861E+00  0.385431E+03  0.796128E+01
  0.964513E+00  0.361199E+03  0.776829E+01
  0.967165E+00  0.383222E+03  0.791830E+01
  0.969817E+00  0.385333E+03  0.793362E+01
  0.972469E+00  0.378634E+03  0.785837E+01
  0.975121E+00  0.376370E+03  0.776653E+01
  0.977774E+00  0.389483E+03  0.787642E+01
  0.980426E+00  0.375851E+03  0.780237E+01
  0.983078E+00  0.361284E+03  0.784091E+01
  0.985730E+00  0.378912E+03  0.778242E+01
  0.988382E+00  0.361521E+03  0.770048E+01
  0.991035E+00  0.350753E+03  0.777634E+01
  0.993687E+00  0.353866E+03  0.777921E+01
  0.996339E+00  0.361519E+03  0.774595E+01
  0.998991E+00  0.363646E+03  0.769742E+01
  0.100164E+01  0.357410E+03  0.763287E+01
  0.100430E+01  0.355044E+03  0.775486E+01
  0.100695E+01  0.349167E+03  0.765944E+01
  0.100960E+01  0.349159E+03  0.766782E+01
  0.101225E+01  0.339017E+03  0.765717E+01
  0.101490E+01  0.358462E+03  0.763041E+01
  0.101756E+01  0.371678E+03  0.777934E+01
  0.102021E+01  0.349299E+03  0.760926E+01
  0.102286E+01  0.354230E+03  0.760257E+01
  0.102551E+01  0.339747E+03  0.759045E+01
  0.102817E+01  0.354636E+03  0.759373E+01
  0.103082E+01  0.327709E+03  0.759786E+01
  0.103347E+01  0.337573E+03  0.750980E+01
  0.103612E+01  0.348770E+03  0.762001E+01
  0.103877E+01  0.337602E+03  0.751013E+01
  0.104143E+01  0.338100E+03  0.745284E+01
  0.104408E+01  0.341079E+03  0.757501E+01
  0.104673E+01  0.330684E+03  0.744362E+01
  0.104938E+01  0.329144E+03  0.754168E+01
  0.105203E+01  0.342119E+03  0.743155E+01
  0.105469E+01  0.328534E+03  0.739762E+01
  0.105734E+01  0.330705E+03  0.753679E+01
  0.105999E+01  0.318795E+03  0.740889E+01
  0.106264E+01  0.317906E+03  0.751119E+01
  0.106530E+01  0.325297E+03  0.732317E+01
  0.106795E+01  0.333105E+03  0.741854E+01
  0.107060E+01  0.329109E+03  0.746509E+01
  0.107325E+01  0.331155E+03  0.739851E+01
  0.107590E+01  0.331690E+03  0.744441E+01
  0.107856E+01  0.321833E+03  0.734460E+01
  0.108121E+01  0.321841E+03  0.741595E+01
  0.108386E+01  0.306159E+03  0.737020E+01
  0.108651E+01  0.317448E+03  0.729414E+01
  0.108917E+01  0.328073E+03  0.743221E+01
  0.109182E+01  0.314226E+03  0.728767E+01
  0.109447E+01  0.317642E+03  0.739740E+01
  0.109712E+01  0.301561E+03  0.732088E+01
  0.109977E+01  0.303253E+03  0.724780E+01
  0.110243E+01  0.307929E+03  0.730360E+01
  0.110508E+01  0.298295E+03  0.728838E+01
  0.110773E+01  0.308010E+03  0.729180E+01
  0.111038E+01  0.296603E+03  0.717030E+01
  0.111303E+01  0.304236E+03  0.730525E+01
  0.111569E+01  0.307918E+03  0.729510E+01
  0.111834E+01  0.293310E+03  0.727016E+01
  0.112099E+01  0.296077E+03  0.715092E+01
  0.112364E+01  0.299400E+03  0.721960E+01
  0.112630E+01  0.296784E+03  0.719522E+01
  0.112895E+01  0.299841E+03  0.719892E+01
  0.113160E+01  0.295492E+03  0.716989E+01
  0.113425E+01  0.289521E+03  0.708819E+01
  0.113690E+01  0.284102E+03  0.718440E+01
  0.113956E+01  0.289262E+03  0.716238E+01
  0.114221E+01  0.272377E+03  0.710746E+01
  0.114486E+01  0.272352E+03  0.706557E+01
  0.114751E+01  0.276845E+03  0.710390E+01
  0.115017E+01  0.274540E+03  0.716140E+01
  0.115282E+01  0.271393E+03  0.709947E+01
  0.115547E+01  0.281408E+03  0.698920E+01
  0.115812E+01  0.280640E+03  0.709920E+01
  0.116077E+01  0.283927E+03  0.697826E+01
  0.116343E+01  0.285885E+03  0.711744E+01
  0.116608E+01  0.277301E+03  0.708814E+01
  0.116873E+01  0.270692E+03  0.693216E+01
  0.117138E+01  0.273077E+03  0.701830E+01
  0.117404E+01  0.266278E+03  0.689395E+01
  0.117669E+01  0.264590E+03  0.700089E+01
  0.117934E+01  0.263895E+03  0.692885E+01
  0.118199E+01  0.265732E+03  0.701649E+01
  0.118464E+01  0.260751E+03  0.699204E+01
  0.118730E+01  0.260747E+03  0.681776E+01
  0.118995E+01  0.259626E+03  0.699538E+01
  0.119260E+01  0.255833E+03  0.689242E+01
  0.119525E+01  0.256149E+03  0.690694E+01
  0.119790E+01  0.255328E+03  0.697096E+01
  0.120056E+01  0.253770E+03  0.677904E+01
  0.120586E+01  0.255854E+03  0.686034E+01
  0.120851E+01  0.255220E+03  0.684619E+01
  0.121117E+01  0.269195E+03  0.693091E+01
  0.121382E+01  0.247904E+03  0.683291E+01
  0.121647E+01  0.265404E+03  0.678843E+01
  0.121912E+01  0.247820E+03  0.693456E+01
  0.122177E+01  0.265190E+03  0.679843E+01
  0.122443E+01  0.238303E+03  0.679643E+01
  0.122708E+01  0.250607E+03  0.695692E+01
  0.122973E+01  0.247241E+03  0.697844E+01
  0.123238E+01  0.239749E+03  0.711861E+01
  0.123504E+01  0.252307E+03  0.704001E+01
  0.123769E+01  0.249816E+03  0.713859E+01
  0.124034E+01  0.233707E+03  0.705322E+01
  0.124299E+01  0.237121E+03  0.715818E+01
  0.124564E+01  0.237243E+03  0.714610E+01
  0.124830E+01  0.242006E+03  0.713547E+01
  0.125095E+01  0.231713E+03  0.729675E+01
  0.125360E+01  0.243205E+03  0.721063E+01
  0.125625E+01  0.233416E+03  0.720559E+01
  0.125890E+01  0.235958E+03  0.719681E+01
  0.126156E+01  0.230167E+03  0.725593E+01
  0.126421E+01  0.224557E+03  0.734533E+01
  0.126686E+01  0.223718E+03  0.727516E+01
  0.126951E+01  0.238328E+03  0.722792E+01
  0.127217E+01  0.225690E+03  0.713958E+01
  0.127482E+01  0.236674E+03  0.714336E+01
  0.127747E+01  0.239561E+03  0.712961E+01
  0.128012E+01  0.213272E+03  0.689746E+01
  0.128277E+01  0.211128E+03  0.696626E+01
  0.128543E+01  0.222845E+03  0.687825E+01
  0.128808E+01  0.214912E+03  0.696605E+01
  0.129073E+01  0.221732E+03  0.690017E+01
  0.129338E+01  0.216174E+03  0.681816E+01
  0.129604E+01  0.214657E+03  0.684040E+01
  0.129869E+01  0.208866E+03  0.678820E+01
  0.130134E+01  0.208920E+03  0.687507E+01
  0.130399E+01  0.214102E+03  0.665126E+01
  0.130664E+01  0.201203E+03  0.674070E+01
  0.130930E+01  0.196199E+03  0.680196E+01
  0.131195E+01  0.209253E+03  0.675375E+01
  0.131460E+01  0.199628E+03  0.671803E+01
  0.131725E+01  0.201937E+03  0.665515E+01
  0.131990E+01  0.201446E+03  0.669701E+01
  0.132256E+01  0.197073E+03  0.670888E+01
  0.132521E+01  0.207626E+03  0.660251E+01
  0.132786E+01  0.208190E+03  0.670550E+01
  0.133051E+01  0.199912E+03  0.657383E+01
  0.133317E+01  0.194075E+03  0.662683E+01
  0.133582E+01  0.201123E+03  0.658939E+01
  0.133847E+01  0.186726E+03  0.654270E+01
  0.134112E+01  0.197285E+03  0.665352E+01
  0.134377E+01  0.195466E+03  0.654481E+01
  0.134643E+01  0.182925E+03  0.659410E+01
  0.134908E+01  0.192527E+03  0.646013E+01
  0.135173E+01  0.192651E+03  0.652393E+01
  0.135438E+01  0.198098E+03  0.654926E+01
  0.135704E+01  0.190193E+03  0.645827E+01
  0.135969E+01  0.187044E+03  0.652740E+01
  0.136234E+01  0.182167E+03  0.646251E+01
  0.136499E+01  0.177034E+03  0.652361E+01
  0.136764E+01  0.182766E+03  0.643422E+01
  0.137030E+01  0.174354E+03  0.641804E+01
  0.137295E+01  0.172569E+03  0.646140E+01
  0.137560E+01  0.173816E+03  0.644496E+01
  0.137825E+01  0.171808E+03  0.644163E+01
  0.138091E+01  0.172946E+03  0.636923E+01
  0.138356E+01  0.182010E+03  0.641357E+01
  0.138621E+01  0.166548E+03  0.641014E+01
  0.138886E+01  0.164573E+03  0.634002E+01
  0.139151E+01  0.175163E+03  0.644651E+01
  0.139417E+01  0.179383E+03  0.634512E+01
  0.139682E+01  0.174607E+03  0.639912E+01
  0.139947E+01  0.167193E+03  0.632343E+01
  0.140212E+01  0.174446E+03  0.634885E+01
  0.140477E+01  0.171375E+03  0.635076E+01
  0.140743E+01  0.166389E+03  0.633095E+01
  0.141008E+01  0.165406E+03  0.635103E+01
  0.141273E+01  0.173224E+03  0.630046E+01
  0.141538E+01  0.166860E+03  0.630717E+01
  0.141804E+01  0.163642E+03  0.632664E+01
  0.142069E+01  0.164462E+03  0.626114E+01
  0.142334E+01  0.165349E+03  0.633643E+01
  0.142599E+01  0.157868E+03  0.623608E+01
  0.142864E+01  0.157425E+03  0.630912E+01
  0.143130E+01  0.154877E+03  0.626389E+01
  0.143395E+01  0.161510E+03  0.618986E+01
  0.143660E+01  0.162739E+03  0.633159E+01
  0.143925E+01  0.164002E+03  0.615172E+01
  0.144191E+01  0.171029E+03  0.631481E+01
  0.144456E+01  0.152981E+03  0.621192E+01
  0.144721E+01  0.154264E+03  0.626012E+01
  0.144986E+01  0.157132E+03  0.618116E+01
  0.145251E+01  0.149268E+03  0.614283E+01
  0.145517E+01  0.159807E+03  0.622227E+01
  0.145782E+01  0.149109E+03  0.616301E+01
  0.146047E+01  0.165251E+03  0.619118E+01
  0.146312E+01  0.148623E+03  0.620423E+01
  0.146577E+01  0.147429E+03  0.610276E+01
  0.146843E+01  0.150937E+03  0.617697E+01
  0.147108E+01  0.149239E+03  0.609093E+01
  0.147373E+01  0.143998E+03  0.615155E+01
  0.147638E+01  0.138511E+03  0.614792E+01
  0.147904E+01  0.145287E+03  0.608812E+01
  0.148169E+01  0.140067E+03  0.615056E+01
  0.148434E+01  0.145805E+03  0.607048E+01
  0.148699E+01  0.145094E+03  0.610833E+01
  0.148964E+01  0.142383E+03  0.609607E+01
  0.149230E+01  0.132170E+03  0.608291E+01
  0.149495E+01  0.141349E+03  0.611782E+01
  0.149760E+01  0.134385E+03  0.601292E+01
  0.150025E+01  0.143642E+03  0.613107E+01
  0.150291E+01  0.127724E+03  0.604735E+01
  0.150556E+01  0.142701E+03  0.607414E+01
  0.150821E+01  0.120615E+03  0.605929E+01
  0.151086E+01  0.121920E+03  0.604533E+01
  0.151351E+01  0.131573E+03  0.609371E+01
  0.151617E+01  0.128638E+03  0.606050E+01
  0.151882E+01  0.145678E+03  0.603070E+01
  0.152147E+01  0.122554E+03  0.601249E+01
  0.152412E+01  0.127810E+03  0.606307E+01
  0.152678E+01  0.129962E+03  0.603830E+01
  0.152943E+01  0.125686E+03  0.604913E+01
  0.153208E+01  0.124132E+03  0.599798E+01
  0.153473E+01  0.129182E+03  0.603049E+01
  0.153738E+01  0.109272E+03  0.602551E+01
  0.154004E+01  0.119634E+03  0.597142E+01
  0.154269E+01  0.117125E+03  0.597612E+01
  0.154534E+01  0.124178E+03  0.598418E+01
  0.154799E+01  0.122814E+03  0.592244E+01
  0.155064E+01  0.111557E+03  0.595637E+01
  0.155330E+01  0.119772E+03  0.595752E+01
  0.155595E+01  0.120971E+03  0.597234E+01
  0.155860E+01  0.113431E+03  0.597965E+01
  0.156125E+01  0.121251E+03  0.589445E+01
  0.156391E+01  0.109554E+03  0.597548E+01
  0.156656E+01  0.115289E+03  0.591937E+01
  0.156921E+01  0.112364E+03  0.596453E+01
  0.157186E+01  0.122460E+03  0.594079E+01
  0.157451E+01  0.108441E+03  0.587908E+01
  0.157717E+01  0.105245E+03  0.596834E+01
  0.157982E+01  0.101492E+03  0.587654E+01
  0.158247E+01  0.114324E+03  0.592377E+01
  0.158512E+01  0.110335E+03  0.584289E+01
  0.158778E+01  0.105364E+03  0.583467E+01
  0.159043E+01  0.107682E+03  0.594035E+01
  0.159308E+01  0.104661E+03  0.584732E+01
  0.159573E+01  0.102287E+03  0.579782E+01
  0.159838E+01  0.108923E+03  0.589108E+01
  0.160104E+01  0.105008E+03  0.582327E+01
  0.160369E+01  0.115002E+03  0.593171E+01
  0.160634E+01  0.112341E+03  0.571893E+01
  0.160899E+01  0.108776E+03  0.586200E+01
  0.161164E+01  0.113377E+03  0.584811E+01
  0.161430E+01  0.114259E+03  0.581090E+01
  0.161695E+01  0.948065E+02  0.580232E+01
  0.161960E+01  0.102038E+03  0.574111E+01
  0.162225E+01  0.100017E+03  0.580868E+01
  0.162491E+01  0.104908E+03  0.583588E+01
  0.162756E+01  0.107592E+03  0.581236E+01
  0.163021E+01  0.907318E+02  0.567091E+01
  0.163286E+01  0.943084E+02  0.575920E+01
  0.163551E+01  0.105199E+03  0.581998E+01
  0.163817E+01  0.955345E+02  0.577190E+01
  0.164082E+01  0.980172E+02  0.572858E+01
  0.164347E+01  0.968487E+02  0.576894E+01
  0.164612E+01  0.925498E+02  0.572717E+01
  0.164878E+01  0.970920E+02  0.573257E+01
  0.165143E+01  0.893621E+02  0.568301E+01
  0.165408E+01  0.914023E+02  0.574356E+01
  0.165673E+01  0.947778E+02  0.574337E+01
  0.165938E+01  0.908008E+02  0.575502E+01
  0.166204E+01  0.853333E+02  0.567238E+01
  0.166469E+01  0.885326E+02  0.570134E+01
  0.166734E+01  0.952950E+02  0.572265E+01
  0.166999E+01  0.784943E+02  0.565184E+01
  0.167265E+01  0.913602E+02  0.568520E+01
  0.167530E+01  0.799157E+02  0.565373E+01
  0.167795E+01  0.963065E+02  0.567935E+01
  0.168060E+01  0.910843E+02  0.570285E+01
  0.168325E+01  0.892529E+02  0.567041E+01
  0.168591E+01  0.787874E+02  0.568404E+01
  0.168856E+01  0.816513E+02  0.562309E+01
  0.169121E+01  0.804885E+02  0.567522E+01
  0.169386E+01  0.846245E+02  0.564940E+01
  0.169651E+01  0.832950E+02  0.559015E+01
  0.169917E+01  0.852625E+02  0.564546E+01
  0.170182E+01  0.818793E+02  0.565486E+01
  0.170447E+01  0.873391E+02  0.568039E+01
  0.170712E+01  0.756284E+02  0.558432E+01
  0.170978E+01  0.763602E+02  0.560557E+01
  0.171243E+01  0.725996E+02  0.564578E+01
  0.171508E+01  0.837912E+02  0.557354E+01
  0.171773E+01  0.771398E+02  0.561106E+01
  0.172038E+01  0.782471E+02  0.556793E+01
  0.172304E+01  0.770019E+02  0.560522E+01
  0.172569E+01  0.803410E+02  0.565470E+01
  0.172834E+01  0.787663E+02  0.556085E+01
  0.173099E+01  0.761226E+02  0.558987E+01
  0.173365E+01  0.745536E+02  0.554441E+01
  0.173630E+01  0.780153E+02  0.559785E+01
  0.173895E+01  0.810536E+02  0.562457E+01
  0.174160E+01  0.685345E+02  0.548861E+01
  0.174425E+01  0.719674E+02  0.559322E+01
  0.174691E+01  0.669444E+02  0.551343E+01
  0.174956E+01  0.724406E+02  0.556624E+01
  0.175221E+01  0.635747E+02  0.558481E+01
  0.175486E+01  0.668659E+02  0.549565E+01
  0.175751E+01  0.708199E+02  0.556691E+01
  0.176017E+01  0.751533E+02  0.553404E+01
  0.176282E+01  0.655172E+02  0.548557E+01
  0.176547E+01  0.728391E+02  0.556462E+01
  0.176812E+01  0.748487E+02  0.551073E+01
  0.177078E+01  0.654042E+02  0.554969E+01
  0.177343E+01  0.626648E+02  0.552878E+01
  0.177608E+01  0.731303E+02  0.547392E+01
  0.177873E+01  0.616130E+02  0.551590E+01
  0.178138E+01  0.631839E+02  0.545268E+01
  0.178404E+01  0.682548E+02  0.553212E+01
  0.178669E+01  0.691609E+02  0.548853E+01
  0.178934E+01  0.519138E+02  0.558831E+01
  0.179199E+01  0.595709E+02  0.566955E+01
  0.179465E+01  0.621054E+02  0.566795E+01
  0.179730E+01  0.620747E+02  0.569465E+01
  0.179995E+01  0.678218E+02  0.570776E+01
  0.180260E+01  0.589943E+02  0.575193E+01
  0.180525E+01  0.704291E+02  0.578194E+01
  0.180791E+01  0.609598E+02  0.575253E+01
  0.181056E+01  0.662069E+02  0.576340E+01
  0.181321E+01  0.674713E+02  0.579364E+01
  0.181586E+01  0.628889E+02  0.582209E+01
  0.181851E+01  0.560824E+02  0.594193E+01
  0.182117E+01  0.576284E+02  0.578458E+01
  0.182382E+01  0.615115E+02  0.575708E+01
  0.182647E+01  0.638659E+02  0.581280E+01
  0.182912E+01  0.608621E+02  0.584001E+01
  0.183178E+01  0.551054E+02  0.586588E+01
  0.183443E+01  0.616188E+02  0.581526E+01
  0.183708E+01  0.604425E+02  0.569844E+01
  0.183973E+01  0.637011E+02  0.573021E+01
  0.184238E+01  0.454713E+02  0.557716E+01
  0.184504E+01  0.558774E+02  0.565290E+01
  0.184769E+01  0.485575E+02  0.563530E+01
  0.185034E+01  0.586935E+02  0.560283E+01
  0.185299E+01  0.561839E+02  0.569085E+01
  0.185565E+01  0.464253E+02  0.560015E+01
  0.185830E+01  0.420249E+02  0.559162E+01
  0.186095E+01  0.552739E+02  0.560136E+01
  0.186360E+01  0.537011E+02  0.558853E+01
  0.186625E+01  0.470747E+02  0.560729E+01
  0.186891E+01  0.561169E+02  0.558050E+01
  0.187156E+01  0.418716E+02  0.561055E+01
  0.187421E+01  0.570805E+02  0.560555E+01
  0.187686E+01  0.591935E+02  0.557561E+01
  0.187952E+01  0.543889E+02  0.565058E+01
  0.188217E+01  0.439617E+02  0.558649E+01
  0.188482E+01  0.574195E+02  0.566541E+01
  0.188747E+01  0.505345E+02  0.553921E+01
  0.189012E+01  0.465249E+02  0.559047E+01
  0.189278E+01  0.456954E+02  0.562571E+01
  0.189543E+01  0.461667E+02  0.558849E+01
  0.189808E+01  0.486628E+02  0.559309E+01
  0.190073E+01  0.425900E+02  0.556350E+01
  0.190338E+01  0.473889E+02  0.559904E+01
  0.190604E+01  0.505421E+02  0.563338E+01
  0.190869E+01  0.444732E+02  0.559584E+01
  0.191134E+01  0.470728E+02  0.563722E+01
  0.191399E+01  0.384981E+02  0.555767E+01
  0.191665E+01  0.467969E+02  0.563779E+01
  0.191930E+01  0.475881E+02  0.558244E+01
  0.192195E+01  0.493870E+02  0.558436E+01
  0.192460E+01  0.469464E+02  0.558693E+01
  0.192725E+01  0.398946E+02  0.558171E+01
  0.192991E+01  0.565728E+02  0.561416E+01
  0.193256E+01  0.530077E+02  0.552016E+01
  0.193521E+01  0.393946E+02  0.563268E+01
  0.193786E+01  0.352261E+02  0.556826E+01
  0.194052E+01  0.527356E+02  0.560625E+01
  0.194317E+01  0.418429E+02  0.559659E+01
  0.194582E+01  0.337835E+02  0.548746E+01
  0.194847E+01  0.325785E+02  0.557822E+01
  0.195112E+01  0.390670E+02  0.555602E+01
  0.195378E+01  0.376054E+02  0.553284E+01
  0.195643E+01  0.428103E+02  0.551780E+01
  0.195908E+01  0.456092E+02  0.551899E+01
  0.196173E+01  0.423946E+02  0.557360E+01
  0.196438E+01  0.334061E+02  0.553790E+01
  0.196704E+01  0.312088E+02  0.547683E+01
  0.196969E+01  0.357318E+02  0.549501E+01
  0.197234E+01  0.392146E+02  0.549370E+01
  0.197499E+01  0.447912E+02  0.558456E+01
  0.197765E+01  0.450920E+02  0.546114E+01
  0.198030E+01  0.315958E+02  0.557445E+01
  0.198295E+01  0.396992E+02  0.550885E+01
  0.198560E+01  0.294655E+02  0.550875E+01
  0.198825E+01  0.420345E+02  0.553306E+01
  0.199091E+01  0.402931E+02  0.546776E+01
  0.199356E+01  0.328793E+02  0.553173E+01
  0.199621E+01  0.313966E+02  0.551110E+01
  0.199886E+01  0.401169E+02  0.548768E+01
  0.200152E+01  0.333391E+02  0.552434E+01
  0.200417E+01  0.306552E+02  0.551631E+01
  0.200682E+01  0.341015E+02  0.556895E+01
  0.200947E+01  0.330498E+02  0.548780E+01
  0.201212E+01  0.399540E+02  0.551822E+01
  0.201478E+01  0.449885E+02  0.551638E+01
  0.201743E+01  0.355249E+02  0.550926E+01
  0.202008E+01  0.359559E+02  0.556395E+01
  0.202273E+01  0.296667E+02  0.543445E+01
  0.202539E+01  0.294579E+02  0.551699E+01
  0.202804E+01  0.310900E+02  0.549689E+01
  0.203069E+01  0.388314E+02  0.549469E+01
  0.203334E+01  0.270421E+02  0.555516E+01
  0.203599E+01  0.237165E+02  0.550337E+01
  0.203865E+01  0.318448E+02  0.549639E+01
  0.204130E+01  0.269004E+02  0.549531E+01
  0.204395E+01  0.257337E+02  0.551413E+01
  0.204660E+01  0.235900E+02  0.551679E+01
  0.204925E+01  0.317893E+02  0.552031E+01
  0.205191E+01  0.228946E+02  0.551690E+01
  0.205456E+01  0.303774E+02  0.548179E+01
  0.205721E+01  0.243410E+02  0.543928E+01
  0.205986E+01  0.225115E+02  0.546179E+01
  0.206252E+01  0.336475E+02  0.551931E+01
  0.206517E+01  0.267701E+02  0.551229E+01
  0.206782E+01  0.328908E+02  0.548378E+01
  0.207047E+01  0.176073E+02  0.544005E+01
  0.207312E+01  0.228640E+02  0.548396E+01
  0.207578E+01  0.331705E+02  0.552513E+01
  0.207843E+01  0.218563E+02  0.540836E+01
  0.208108E+01  0.274004E+02  0.552415E+01
  0.208373E+01  0.245805E+02  0.549085E+01
  0.208639E+01  0.236877E+02  0.546643E+01
  0.208904E+01  0.315517E+02  0.548447E+01
  0.209169E+01  0.212031E+02  0.546105E+01
  0.209434E+01  0.288276E+02  0.552376E+01
  0.209699E+01  0.237222E+02  0.548383E+01
  0.209965E+01  0.315805E+02  0.545590E+01
  0.210230E+01  0.261992E+02  0.546892E+01
  0.210495E+01  0.212011E+02  0.538432E+01
  0.210760E+01  0.365690E+02  0.553725E+01
  0.211025E+01  0.289866E+02  0.547529E+01
  0.211291E+01  0.283084E+02  0.540064E+01
  0.211556E+01  0.250709E+02  0.551226E+01
  0.211821E+01  0.301398E+02  0.541931E+01
  0.212086E+01  0.151935E+02  0.555034E+01
  0.212352E+01  0.186705E+02  0.537518E+01
  0.212617E+01  0.172414E+02  0.543957E+01
  0.212882E+01  0.237031E+02  0.550324E+01
  0.213147E+01  0.213525E+02  0.537611E+01
  0.213412E+01  0.164808E+02  0.550111E+01
  0.213678E+01  0.302490E+02  0.543531E+01
  0.213943E+01  0.195613E+02  0.544130E+01
  0.214208E+01  0.287969E+02  0.550359E+01
  0.214473E+01  0.145594E+02  0.539106E+01
  0.214739E+01  0.141533E+02  0.544198E+01
  0.215004E+01  0.146533E+02  0.546667E+01
  0.215269E+01  0.249751E+02  0.549300E+01
  0.215534E+01  0.121533E+02  0.544761E+01
  0.215799E+01  0.223716E+02  0.542324E+01
  0.216065E+01  0.202414E+02  0.553585E+01
  0.216330E+01  0.154636E+02  0.543902E+01
  0.216595E+01  0.108410E+02  0.550692E+01
  0.216860E+01  0.205364E+02  0.543749E+01
  0.217126E+01  0.253755E+02  0.551497E+01
  0.217391E+01  0.244751E+02  0.554898E+01
  0.217656E+01  0.117816E+02  0.546226E+01
  0.217921E+01  0.257529E+02  0.554676E+01
  0.218186E+01  0.246992E+02  0.547103E+01
  0.218452E+01  0.138621E+02  0.553667E+01
  0.218717E+01  0.191628E+02  0.551532E+01
  0.218982E+01  0.216379E+02  0.549173E+01
  0.219247E+01  0.231897E+02  0.554764E+01
  0.219512E+01  0.229617E+02  0.551437E+01
  0.219778E+01  0.273659E+02  0.557362E+01
  0.220043E+01  0.283755E+02  0.553360E+01
  0.220308E+01  0.296360E+02  0.552798E+01
  0.220573E+01  0.130383E+02  0.561330E+01
  0.220839E+01  0.162893E+02  0.548166E+01
  0.221104E+01  0.115115E+02  0.551854E+01
  0.221369E+01  0.172433E+02  0.546421E+01
  0.221634E+01  0.187490E+02  0.550707E+01
  0.221899E+01  0.160690E+02  0.553011E+01
  0.222165E+01  0.176303E+02  0.550457E+01
  0.222430E+01  0.194023E+02  0.549715E+01
  0.222695E+01  0.139904E+02  0.548282E+01
  0.222960E+01  0.243525E+02  0.553616E+01
  0.223226E+01  0.961111E+01  0.551008E+01
  0.223491E+01  0.190153E+02  0.547228E+01
  0.223756E+01  0.234387E+02  0.553928E+01
  0.224021E+01  0.157739E+02  0.547686E+01
  0.224286E+01  0.114847E+02  0.554247E+01
  0.224552E+01  0.161686E+02  0.551428E+01
  0.224817E+01  0.105881E+02  0.551930E+01
  0.225082E+01  0.594828E+01  0.549045E+01
  0.225347E+01  0.268985E+02  0.556255E+01
  0.225612E+01  0.222835E+02  0.557541E+01
  0.225878E+01  0.138142E+02  0.548309E+01
  0.226143E+01  0.129138E+02  0.551613E+01
  0.226408E+01  0.164291E+02  0.555619E+01
  0.226673E+01  0.157222E+02  0.556107E+01
  0.226939E+01  0.183621E+02  0.556295E+01
  0.227204E+01  0.128697E+02  0.551648E+01
  0.227469E+01  0.152107E+02  0.556113E+01
  0.227734E+01  0.175326E+02  0.556454E+01
  0.227999E+01  0.101130E+02  0.553038E+01
  0.228265E+01  0.232625E+02  0.558632E+01
  0.228530E+01  0.196034E+02  0.550320E+01
  0.228795E+01  0.106935E+02  0.558205E+01
  0.229060E+01  0.127835E+02  0.551696E+01
  0.229326E+01  0.200460E+02  0.553920E+01
  0.229591E+01  0.151916E+02  0.555659E+01
  0.229856E+01  0.139215E+02  0.553673E+01
  0.230121E+01  0.128927E+02  0.563185E+01
  0.230386E+01  0.185383E+02  0.552055E+01
  0.230652E+01  0.146992E+02  0.556685E+01
  0.230917E+01  0.131130E+02  0.555510E+01
  0.231182E+01  0.148238E+02  0.560947E+01
  0.231447E+01  0.147241E+02  0.556216E+01
  0.231712E+01  0.130249E+02  0.550952E+01
  0.231978E+01  0.172414E+02  0.563864E+01
  0.232243E+01  0.106437E+02  0.554754E+01
  0.232508E+01  0.203582E+02  0.558041E+01
  0.232773E+01  0.122146E+02  0.560455E+01
  0.233039E+01  0.140019E+02  0.558041E+01
  0.233304E+01  0.204789E+02  0.564218E+01
  0.233569E+01  0.136801E+02  0.554452E+01
  0.233834E+01  0.146092E+02  0.559094E+01
  0.234099E+01  0.110172E+02  0.553133E+01
  0.234365E+01  0.104464E+02  0.563433E+01
  0.234630E+01  0.120670E+02  0.564800E+01
  0.234895E+01  0.183065E+02  0.554390E+01
  0.235160E+01  0.139808E+02  0.576478E+01
  0.235426E+01  0.891379E+01  0.576246E+01
  0.235691E+01  0.165268E+02  0.594575E+01
  0.235956E+01  0.118678E+02  0.594488E+01
  0.236221E+01  0.123716E+02  0.587753E+01
  0.236486E+01  0.215920E+02  0.608868E+01
  0.236752E+01  0.111590E+02  0.601005E+01
  0.237017E+01  0.154464E+02  0.606592E+01
  0.237282E+01  0.123180E+01  0.607257E+01
  0.237547E+01  0.148103E+02  0.612062E+01
  0.237813E+01  0.220613E+02  0.630920E+01
  0.238078E+01  0.161724E+02  0.603371E+01
  0.238343E+01  0.968199E+01  0.625861E+01
  0.238608E+01  0.759195E+01  0.622330E+01
  0.238873E+01  0.989655E+01  0.625329E+01
  0.239139E+01  0.180096E+02  0.640434E+01
  0.239404E+01  0.212184E+02  0.622349E+01
  0.239669E+01  0.137720E+02  0.625216E+01
  0.239934E+01  0.161379E+02  0.603817E+01
  0.240199E+01  0.131169E+02  0.609779E+01
  0.240465E+01  0.790421E+01  0.603721E+01
  0.240730E+01  0.112625E+02  0.596751E+01
  0.240995E+01  0.101571E+02  0.606581E+01
  0.241260E+01  0.170287E+02  0.596569E+01
  0.241526E+01  0.231034E+01  0.590646E+01
  0.241791E+01  0.625862E+01  0.594594E+01
  0.242056E+01  0.914559E+01  0.590939E+01
  0.242321E+01  0.293678E+02  0.602263E+01
  0.242586E+01  0.741762E+01  0.590281E+01
  0.242852E+01  0.636398E+01  0.592570E+01
  0.243117E+01 -0.401724E+01  0.588124E+01
  0.243382E+01  0.173410E+02  0.589446E+01
  0.243647E+01  0.151973E+02  0.596832E+01
  0.243913E+01  0.146245E+02  0.579693E+01
  0.244178E+01  0.140670E+02  0.595214E+01
  0.244443E+01  0.140307E+02  0.587088E+01
  0.244708E+01  0.147107E+02  0.585072E+01
  0.244973E+01  0.911686E+01  0.583848E+01
  0.245239E+01  0.161303E+02  0.588106E+01
  0.245504E+01  0.155556E+02  0.591763E+01
  0.245769E+01  0.192395E+02  0.585490E+01
  0.246034E+01  0.897318E+01  0.584940E+01
  0.246299E+01  0.128927E+02  0.577701E+01
  0.246565E+01  0.647126E+01  0.588664E+01
  0.246830E+01  0.144598E+02  0.584855E+01
  0.247095E+01  0.188697E+02  0.584590E+01
  0.247360E+01  0.957088E+01  0.582784E+01
  0.247626E+01  0.102989E+02  0.577154E+01
  0.247891E+01  0.140421E+02  0.587818E+01
  0.248156E+01  0.160211E+02  0.580984E+01
  0.248421E+01  0.117299E+02  0.581230E+01
  0.248686E+01  0.156475E+02  0.581038E+01
  0.248952E+01  0.116705E+02  0.572984E+01
  0.249217E+01  0.123410E+02  0.587223E+01
  0.249482E+01  0.143180E+02  0.576469E+01
  0.249747E+01  0.752874E+01  0.582536E+01
  0.250013E+01  0.125824E+02  0.582567E+01
  0.250278E+01  0.107375E+02  0.576052E+01
  0.250543E+01  0.894828E+01  0.581772E+01
  0.250808E+01  0.850766E+01  0.574561E+01
  0.251073E+01  0.661686E+01  0.583931E+01
  0.251339E+01  0.191475E+02  0.580380E+01
  0.251604E+01  0.844061E+01  0.575502E+01
  0.251869E+01  0.128103E+02  0.582538E+01
  0.252134E+01  0.870881E+01  0.579401E+01
  0.252400E+01  0.171398E+02  0.583896E+01
  0.252665E+01  0.853640E+01  0.578568E+01
  0.252930E+01  0.112931E+02  0.580309E+01
  0.253195E+01  0.729885E+01  0.582444E+01
  0.253460E+01  0.134483E+01  0.579035E+01
  0.253726E+01  0.181379E+02  0.584767E+01
  0.253991E+01  0.695211E+01  0.578458E+01
  0.254256E+01  0.873563E+00  0.578966E+01
  0.254521E+01  0.276628E+01  0.583432E+01
  0.254786E+01  0.497701E+01  0.578287E+01
  0.255052E+01  0.122893E+02  0.578395E+01
  0.255317E+01  0.478352E+01  0.578783E+01
  0.255582E+01  0.104253E+02  0.581359E+01
  0.255847E+01  0.110498E+02  0.581788E+01
  0.256113E+01  0.666858E+01  0.570270E+01
  0.256378E+01  0.876437E+01  0.579021E+01
  0.256643E+01  0.870307E+01  0.577506E+01
  0.256908E+01  0.119100E+02  0.581381E+01
  0.257173E+01  0.724138E+00  0.578471E+01
  0.257439E+01  0.640038E+01  0.573885E+01
  0.257704E+01  0.562069E+01  0.577549E+01
  0.257969E+01  0.142644E+02  0.573530E+01
  0.258234E+01  0.186015E+01  0.577855E+01
  0.258500E+01  0.434866E+00  0.570986E+01
  0.258765E+01  0.109502E+02  0.575802E+01
  0.259030E+01  0.133985E+02  0.576806E+01
  0.259295E+01  0.119138E+02  0.576371E+01
  0.259560E+01  0.395211E+01  0.568580E+01
  0.259826E+01  0.111686E+02  0.576327E+01
  0.260091E+01  0.106034E+02  0.576904E+01
  0.260356E+01  0.893103E+01  0.578073E+01
  0.260621E+01  0.926437E+01  0.573010E+01
  0.260886E+01  0.319349E+01  0.573617E+01
  0.261152E+01  0.847126E+01  0.576398E+01
  0.261417E+01  0.506513E+01  0.578142E+01
  0.261682E+01  0.134981E+02  0.574012E+01
  0.261947E+01 -0.348467E+01  0.574954E+01
  0.262213E+01  0.143487E+01  0.574475E+01
  0.262478E+01  0.552490E+01  0.574376E+01
  0.262743E+01  0.107893E+02  0.578662E+01
  0.263008E+01  0.138563E+02  0.570870E+01
  0.263273E+01  0.820690E+01  0.579147E+01
  0.263539E+01  0.202759E+02  0.576401E+01
  0.263804E+01  0.193103E+01  0.577576E+01
  0.264069E+01  0.194655E+02  0.578862E+01
  0.264334E+01  0.542529E+01  0.573884E+01
  0.264600E+01 -0.542146E+00  0.575835E+01
  0.264865E+01 -0.370690E+01  0.571322E+01
  0.265130E+01  0.130785E+02  0.581384E+01
  0.265395E+01  0.945785E+01  0.581425E+01
  0.265660E+01  0.986207E+01  0.572825E+01
  0.265926E+01  0.604598E+01  0.578434E+01
  0.266191E+01 -0.411686E+01  0.570075E+01
  0.266456E+01  0.840613E+01  0.576372E+01
  0.266721E+01  0.756130E+01  0.578678E+01
  0.266986E+01  0.804406E+01  0.573557E+01
  0.267252E+01  0.993295E+01  0.581308E+01
  0.267517E+01  0.464943E+01  0.572860E+01
  0.267782E+01  0.786398E+01  0.580592E+01
  0.268047E+01  0.171648E+02  0.579537E+01
  0.268313E+01  0.804215E+01  0.571666E+01
  0.268578E+01  0.329310E+01  0.576467E+01
  0.268843E+01  0.125441E+02  0.574788E+01
  0.269108E+01 -0.295019E+00  0.578562E+01
  0.269373E+01  0.208199E+02  0.578778E+01
  0.269639E+01  0.138314E+01  0.572826E+01
  0.269904E+01 -0.367816E+00  0.577093E+01
  0.270169E+01  0.165383E+02  0.574788E+01
  0.270434E+01 -0.252682E+01  0.579394E+01
  0.270700E+01  0.166322E+02  0.574431E+01
  0.270965E+01  0.999617E+01  0.577325E+01
  0.271230E+01  0.817050E+01  0.578373E+01
  0.271495E+01  0.284100E+02  0.581861E+01
  0.271760E+01  0.128295E+02  0.578833E+01
  0.272026E+01  0.164310E+02  0.577352E+01
  0.272291E+01  0.154023E+01  0.576662E+01
  0.272556E+01  0.576054E+01  0.576644E+01
  0.272821E+01  0.507280E+01  0.576432E+01
  0.273087E+01  0.388123E+01  0.573057E+01
  0.273352E+01  0.469923E+01  0.574043E+01
  0.273617E+01  0.313602E+01  0.578631E+01
  0.273882E+01  0.129770E+02  0.579529E+01
  0.274147E+01  0.147605E+02  0.573775E+01
  0.274413E+01  0.912069E+01  0.576656E+01
  0.274678E+01  0.866667E+01  0.580496E+01
  0.274943E+01  0.189234E+02  0.579908E+01
  0.275208E+01  0.521648E+01  0.574923E+01
  0.275473E+01  0.119732E+02  0.577259E+01
  0.275739E+01 -0.556130E+01  0.576342E+01
  0.276004E+01  0.959004E+01  0.580416E+01
  0.276269E+01  0.845211E+01  0.580898E+01
  0.276534E+01  0.189617E+02  0.576703E+01
  0.276800E+01  0.107299E+02  0.574623E+01
  0.277065E+01  0.569157E+01  0.570973E+01
  0.277330E+01  0.874713E+01  0.576316E+01
  0.277595E+01  0.909962E+01  0.571009E+01
  0.277860E+01  0.108831E+02  0.572134E+01
  0.278126E+01  0.109579E+02  0.579709E+01
  0.278391E+01  0.361686E+01  0.575218E+01
  0.278656E+01  0.492529E+01  0.571987E+01
  0.278921E+01  0.196935E+02  0.571957E+01
  0.279187E+01  0.109732E+02  0.572474E+01
  0.279452E+01 -0.323755E+00  0.572831E+01
  0.279717E+01  0.122452E+02  0.572507E+01
  0.279982E+01  0.161092E+02  0.577342E+01
  0.280247E+01  0.382567E+01  0.574530E+01
  0.280513E+01  0.592337E+01  0.576016E+01
  0.280778E+01  0.110728E+02  0.574375E+01
  0.281043E+01  0.225536E+02  0.572216E+01
  0.281308E+01  0.688889E+01  0.576062E+01
  0.281573E+01  0.915134E+01  0.574528E+01
  0.281839E+01  0.514943E+01  0.576796E+01
  0.282104E+01  0.224521E+01  0.569818E+01
  0.282369E+01  0.262490E+02  0.573536E+01
  0.282634E+01  0.716858E+01  0.576668E+01
  0.282900E+01  0.240805E+01  0.571140E+01
  0.283165E+01  0.105287E+02  0.576546E+01
  0.283430E+01  0.580460E+01  0.572063E+01
  0.283695E+01  0.961494E+01  0.576846E+01
  0.283960E+01 -0.213218E+01  0.576257E+01
  0.284226E+01  0.113927E+02  0.567270E+01
  0.284491E+01  0.204061E+02  0.580931E+01
  0.284756E+01  0.140115E+02  0.573261E+01
  0.285021E+01  0.182797E+02  0.579744E+01
  0.285287E+01  0.966858E+01  0.575681E+01
  0.285552E+01  0.103544E+02  0.568761E+01
  0.285817E+01  0.704981E+00  0.576771E+01
  0.286082E+01  0.708621E+01  0.572934E+01
  0.286347E+01  0.840038E+01  0.576865E+01
  0.286613E+01  0.841954E+01  0.571955E+01
  0.286878E+01  0.940421E+01  0.575138E+01
  0.287143E+01  0.116820E+02  0.579161E+01
  0.287408E+01  0.158199E+02  0.575294E+01
  0.287674E+01  0.392337E+01  0.569877E+01
  0.287939E+01  0.141992E+02  0.572593E+01
  0.288204E+01  0.149291E+02  0.577163E+01
  0.288469E+01  0.759579E+01  0.576420E+01
  0.288734E+01  0.671073E+01  0.566390E+01
  0.289000E+01  0.635824E+01  0.572190E+01
  0.289265E+01  0.128314E+02  0.575686E+01
  0.289530E+01  0.321073E+01  0.578415E+01
  0.289795E+01  0.622414E+01  0.572460E+01
  0.290060E+01  0.854789E+01  0.570735E+01
  0.290326E+01  0.118716E+02  0.577308E+01
  0.290591E+01  0.153621E+02  0.576089E+01
  0.290856E+01  0.734291E+01  0.577351E+01
  0.291121E+01  0.148218E+02  0.574840E+01
  0.291387E+01  0.636973E+01  0.594436E+01
  0.291652E+01  0.209713E+02  0.612511E+01
  0.291917E+01  0.113946E+02  0.608014E+01
  0.292182E+01  0.224866E+02  0.614794E+01
  0.292447E+01  0.896169E+01  0.615222E+01
  0.292713E+01  0.521839E+01  0.625785E+01
  0.292978E+01  0.175766E+02  0.634551E+01
  0.293243E+01  0.127720E+02  0.630074E+01
  0.293508E+01  0.320881E+01  0.636516E+01
  0.293774E+01  0.137337E+02  0.635456E+01
  0.294039E+01  0.162548E+02  0.647107E+01
  0.294304E+01  0.114195E+02  0.652624E+01
  0.294569E+01  0.440038E+01  0.647975E+01
  0.294834E+01  0.147625E+02  0.661137E+01
  0.295100E+01  0.100862E+02  0.655469E+01
  0.295365E+01  0.953257E+01  0.660439E+01
  0.295630E+01  0.161456E+02  0.661504E+01
  0.295895E+01  0.357663E+01  0.642954E+01
  0.296160E+01  0.883908E+01  0.638793E+01
  0.296426E+01  0.154559E+02  0.633612E+01
  0.296691E+01  0.432375E+01  0.621236E+01
  0.296956E+01  0.241379E+00  0.617711E+01
  0.297221E+01  0.119368E+02  0.624541E+01
  0.297487E+01  0.793870E+01  0.622620E+01
  0.297752E+01  0.265517E+01  0.614674E+01
  0.298017E+01  0.121705E+02  0.612879E+01
  0.298282E+01  0.760345E+01  0.616273E+01
  0.298547E+01  0.146284E+02  0.611608E+01
  0.298813E+01  0.109444E+02  0.606732E+01
  0.299078E+01  0.164176E+02  0.608188E+01
  0.299343E+01  0.697318E+00  0.603780E+01
  0.299608E+01  0.117069E+02  0.604897E+01
  0.299874E+01  0.171973E+02  0.603346E+01
  0.300139E+01  0.355556E+01  0.600632E+01
  0.300404E+01  0.112950E+02  0.602986E+01
  0.300669E+01  0.393295E+01  0.604753E+01
  0.300934E+01  0.749808E+01  0.603929E+01
  0.301200E+01  0.881801E+01  0.596964E+01
  0.301465E+01  0.105230E+02  0.604465E+01
  0.301730E+01  0.885824E+01  0.599989E+01
  0.301995E+01  0.775862E+00  0.598505E+01
  0.302261E+01  0.118027E+02  0.597084E+01
  0.302526E+01  0.125766E+02  0.595691E+01
  0.302791E+01  0.211552E+02  0.597890E+01
  0.303056E+01  0.982184E+01  0.600397E+01
  0.303321E+01  0.740230E+01  0.595563E+01
  0.303587E+01  0.147414E+02  0.595443E+01
  0.303852E+01  0.142356E+02  0.596508E+01
  0.304117E+01  0.175364E+02  0.599890E+01
  0.304382E+01 -0.459195E+01  0.588534E+01
  0.304647E+01  0.854023E+01  0.594865E+01
  0.304913E+01  0.784866E+01  0.593712E+01
  0.305178E+01  0.178429E+02  0.596699E+01
  0.305443E+01  0.809195E+01  0.595515E+01
  0.305708E+01  0.233716E+01  0.586194E+01
  0.305974E+01  0.138659E+02  0.596248E+01
  0.306239E+01  0.191571E-01  0.595510E+01
  0.306504E+01  0.530843E+01  0.597254E+01
  0.306769E+01  0.939464E+01  0.589547E+01
  0.307034E+01  0.157107E+02  0.598328E+01
  0.307300E+01  0.116801E+02  0.592565E+01
  0.307565E+01  0.796552E+01  0.598343E+01
  0.307830E+01  0.115307E+02  0.592651E+01
  0.308095E+01  0.454215E+01  0.590178E+01
  0.308361E+01  0.113046E+02  0.597401E+01
  0.308626E+01  0.939080E+01  0.594172E+01
  0.308891E+01  0.608429E+01  0.592788E+01
  0.309156E+01  0.113180E+02  0.590392E+01
  0.309421E+01  0.870115E+01  0.592229E+01
  0.309687E+01  0.100824E+02  0.597091E+01
  0.309952E+01  0.940421E+01  0.590593E+01
  0.310217E+01  0.317433E+01  0.588389E+01
  0.310482E+01  0.183238E+02  0.595369E+01
  0.310747E+01  0.148180E+02  0.594577E+01
  0.311013E+01 -0.213410E+01  0.594360E+01
  0.311278E+01  0.124100E+02  0.588483E+01
  0.311543E+01  0.170498E+02  0.593107E+01
  0.311808E+01  0.803640E+01  0.592873E+01
  0.312074E+01 -0.344828E+00  0.591312E+01
  0.312339E+01  0.255402E+02  0.589916E+01
  0.312604E+01  0.916475E+01  0.590813E+01
  0.312869E+01  0.798851E+01  0.592000E+01
  0.313134E+01  0.117644E+02  0.595411E+01
  0.313400E+01  0.747318E+01  0.586423E+01
  0.313665E+01  0.779502E+01  0.590313E+01
  0.313930E+01  0.798084E+01  0.588239E+01
  0.314195E+01  0.172912E+02  0.595438E+01
  0.314461E+01  0.214138E+02  0.592594E+01
  0.314726E+01  0.522989E+01  0.589864E+01
  0.314991E+01  0.145632E+02  0.589649E+01
  0.315256E+01  0.807854E+01  0.590014E+01
  0.315521E+01  0.141054E+02  0.593150E+01
  0.315787E+01  0.132356E+02  0.585143E+01
  0.316052E+01  0.312835E+01  0.585133E+01
  0.316317E+01  0.121475E+02  0.591659E+01
  0.316582E+01  0.130268E+01  0.587214E+01
  0.316847E+01  0.129157E+02  0.587118E+01
  0.317113E+01  0.157816E+02  0.590475E+01
  0.317378E+01  0.570881E+01  0.587640E+01
  0.317643E+01  0.532375E+01  0.589470E+01
  0.317908E+01  0.841379E+01  0.582927E+01
  0.318174E+01  0.537739E+01  0.583751E+01
  0.318439E+01  0.460920E+01  0.586298E+01
  0.318704E+01  0.224138E+01  0.583635E+01
  0.318969E+01 -0.321648E+01  0.582301E+01
  0.319234E+01  0.700192E+01  0.585028E+01
  0.319500E+01  0.586782E+01  0.585321E+01
  0.319765E+01  0.859387E+01  0.591327E+01
  0.320030E+01  0.694444E+01  0.579220E+01
  0.320295E+01  0.953640E+01  0.578264E+01
  0.320561E+01  0.986207E+01  0.582566E+01
  0.320826E+01  0.111992E+02  0.586530E+01
  0.321091E+01  0.254004E+02  0.592123E+01
  0.321356E+01  0.195402E+00  0.576157E+01
  0.321621E+01  0.945019E+01  0.584693E+01
  0.321887E+01  0.684866E+01  0.586595E+01
  0.322152E+01  0.740613E+01  0.582329E+01
  0.322417E+01  0.105920E+02  0.584755E+01
  0.322682E+01  0.124828E+02  0.581618E+01
  0.322948E+01  0.119119E+02  0.585645E+01
  0.323213E+01  0.919540E+01  0.587720E+01
  0.323478E+01  0.181226E+02  0.581581E+01
  0.323743E+01  0.282759E+01  0.588203E+01
  0.324008E+01  0.164559E+01  0.583601E+01
  0.324274E+01  0.117375E+02  0.589276E+01
  0.324539E+01  0.115805E+02  0.587594E+01
  0.324804E+01  0.789655E+01  0.578119E+01
  0.325069E+01  0.126379E+02  0.584974E+01
  0.325334E+01  0.116839E+02  0.583515E+01
  0.325600E+01  0.854215E+01  0.584630E+01
  0.325865E+01  0.143985E+02  0.584594E+01
  0.326130E+01  0.156111E+02  0.584326E+01
  0.326395E+01  0.105134E+02  0.583893E+01
  0.326661E+01  0.143046E+02  0.585484E+01
  0.326926E+01  0.410728E+01  0.580454E+01
  0.327191E+01  0.580460E+01  0.585581E+01
  0.327456E+01  0.111034E+02  0.584789E+01
  0.327721E+01  0.908238E+01  0.585516E+01
  0.327987E+01  0.547893E+01  0.578545E+01
  0.328252E+01  0.593870E+01  0.580249E+01
  0.328517E+01  0.497126E+01  0.580678E+01
  0.328782E+01  0.109847E+02  0.587310E+01
  0.329048E+01  0.850192E+01  0.588083E+01
  0.329313E+01  0.981992E+01  0.584552E+01
  0.329578E+01  0.806705E+01  0.581793E+01
  0.329843E+01  0.886207E+01  0.583084E+01
  0.330108E+01  0.119138E+02  0.584641E+01
  0.330374E+01  0.100651E+02  0.582140E+01
  0.330639E+01  0.230077E+01  0.579780E+01
  0.330904E+01  0.117318E+02  0.583250E+01
  0.331169E+01  0.113027E+02  0.586211E+01
  0.331434E+01  0.845211E+01  0.582091E+01
  0.331700E+01  0.144693E+02  0.583818E+01
  0.331965E+01  0.125364E+02  0.584594E+01
  0.332230E+01  0.104425E+02  0.587702E+01
  0.332495E+01  0.154943E+02  0.582466E+01
  0.332761E+01  0.678544E+01  0.581842E+01
  0.333026E+01  0.105900E+02  0.582785E+01
  0.333291E+01  0.743870E+01  0.584582E+01
  0.333556E+01  0.113199E+02  0.582065E+01
  0.333821E+01  0.818774E+01  0.581251E+01
  0.334087E+01  0.116801E+02  0.582393E+01
  0.334352E+01  0.229559E+02  0.587997E+01
  0.334617E+01  0.143966E+02  0.582598E+01
  0.334882E+01  0.410345E+01  0.578136E+01
  0.335148E+01  0.800766E+01  0.585143E+01
  0.335413E+01  0.135211E+02  0.582761E+01
  0.335678E+01  0.952874E+01  0.587077E+01
  0.335943E+01  0.329693E+01  0.578221E+01
  0.336208E+01  0.105172E+02  0.584727E+01
  0.336474E+01  0.124483E+02  0.583197E+01
  0.336739E+01  0.771264E+01  0.584738E+01
  0.337004E+01  0.809195E+01  0.581975E+01
  0.337269E+01  0.128640E+02  0.578899E+01
  0.337535E+01  0.113448E+02  0.584139E+01
  0.337800E+01  0.491762E+01  0.582000E+01
  0.338065E+01  0.119080E+02  0.584236E+01
  0.338330E+01  0.286015E+01  0.579989E+01
  0.338595E+01  0.164617E+02  0.582667E+01
  0.338861E+01 -0.742337E+01  0.582573E+01
  0.339126E+01  0.476437E+01  0.583398E+01
  0.339391E+01 -0.152874E+01  0.578063E+01
  0.339656E+01  0.916475E+01  0.581130E+01
  0.339921E+01  0.501916E+01  0.585401E+01
  0.340187E+01  0.147490E+02  0.586636E+01
  0.340452E+01  0.347510E+01  0.580041E+01
  0.340717E+01  0.168161E+02  0.583411E+01
  0.340982E+01  0.232759E+02  0.590043E+01
  0.341248E+01  0.164674E+02  0.585847E+01
  0.341513E+01  0.993870E+01  0.577862E+01
  0.341778E+01  0.869923E+01  0.583596E+01
  0.342043E+01  0.970498E+01  0.585230E+01
  0.342308E+01 -0.306513E+00  0.581465E+01
  0.342574E+01 -0.416667E+01  0.585084E+01
  0.342839E+01  0.121303E+02  0.580432E+01
  0.343104E+01  0.806130E+01  0.585209E+01
  0.343369E+01  0.166667E+01  0.582757E+01
  0.343635E+01  0.167069E+02  0.583589E+01
  0.343900E+01 -0.146360E+01  0.578075E+01
  0.344165E+01  0.152816E+02  0.579338E+01
  0.344430E+01  0.899042E+01  0.579609E+01
  0.344695E+01  0.232567E+02  0.585650E+01
  0.344961E+01  0.866284E+01  0.577147E+01
  0.345226E+01  0.164617E+02  0.582638E+01
  0.345491E+01  0.517625E+01  0.578395E+01
  0.345756E+01  0.137644E+02  0.579692E+01
  0.346021E+01  0.191322E+02  0.576353E+01
  0.346287E+01  0.145441E+02  0.576698E+01
  0.346552E+01  0.562261E+01  0.579555E+01
  0.346817E+01  0.270115E+01  0.574657E+01
  0.347082E+01  0.900000E+01  0.574812E+01
  0.347348E+01  0.120728E+02  0.580164E+01
  0.347613E+01  0.896552E+01  0.598495E+01
  0.347878E+01  0.134234E+02  0.610618E+01
  0.348143E+01  0.108314E+02  0.614289E+01
  0.348408E+01  0.175670E+02  0.621656E+01
  0.348674E+01  0.132931E+02  0.631402E+01
  0.348939E+01  0.685057E+01  0.632339E+01
  0.349204E+01  0.125402E+02  0.635772E+01
  0.349469E+01  0.975096E+01  0.638906E+01
  0.349735E+01  0.139693E+02  0.645552E+01
  0.350000E+01 -0.136973E+01  0.652152E+01
  0.350265E+01  0.761494E+01  0.659939E+01
  0.350530E+01  0.132893E+02  0.658533E+01
  0.350795E+01  0.140881E+02  0.662978E+01
  0.351061E+01  0.124310E+02  0.668154E+01
  0.351326E+01  0.114042E+02  0.673956E+01
  0.351591E+01  0.685249E+01  0.668914E+01
  0.351856E+01  0.154042E+02  0.678895E+01
  0.352122E+01  0.186073E+02  0.659615E+01
  0.352387E+01  0.558429E+01  0.645426E+01
  0.352652E+01  0.178257E+02  0.636511E+01
  0.352917E+01  0.136015E+01  0.630014E+01
  0.353182E+01  0.908046E+01  0.633183E+01
  0.353448E+01  0.918199E+01  0.633387E+01
  0.353713E+01  0.378544E+01  0.629033E+01
  0.353978E+01  0.893870E+01  0.625485E+01
  0.354243E+01  0.605556E+01  0.617305E+01
  0.354508E+01  0.419923E+01  0.618891E+01
  0.354774E+01  0.971264E+01  0.619809E+01
  0.355039E+01  0.768582E+01  0.614421E+01
  0.355304E+01  0.102203E+02  0.618788E+01
  0.355569E+01  0.725862E+01  0.617184E+01
  0.355835E+01  0.135441E+02  0.617813E+01
  0.356100E+01  0.150958E+02  0.615568E+01
  0.356365E+01  0.795211E+01  0.614099E+01
  0.356630E+01  0.830268E+01  0.612592E+01
  0.356895E+01  0.424521E+01  0.612497E+01
  0.357161E+01  0.164425E+02  0.612381E+01
  0.357426E+01  0.118295E+02  0.609024E+01
  0.357691E+01  0.192854E+02  0.609421E+01
  0.357956E+01  0.312069E+01  0.612676E+01
  0.358222E+01  0.787548E+01  0.613822E+01
  0.358487E+01  0.461686E+01  0.602872E+01
  0.358752E+01  0.313602E+01  0.610021E+01
  0.359017E+01  0.100766E+01  0.605320E+01
  0.359282E+01  0.147759E+02  0.613559E+01
  0.359548E+01  0.131169E+02  0.600853E+01
  0.359813E+01  0.178602E+02  0.605552E+01
  0.360078E+01  0.111513E+02  0.605249E+01
  0.360343E+01  0.217050E+01  0.604906E+01
  0.360608E+01  0.119885E+02  0.598295E+01
  0.360874E+01  0.257854E+01  0.599439E+01
  0.361139E+01  0.113410E+02  0.605961E+01
  0.361404E+01  0.284100E+01  0.603319E+01
  0.361669E+01  0.125479E+01  0.598041E+01
  0.361935E+01  0.191284E+02  0.602045E+01
  0.362200E+01  0.350192E+01  0.600349E+01
  0.362465E+01  0.159080E+02  0.601850E+01
  0.362730E+01  0.153659E+02  0.598708E+01
  0.362995E+01  0.101916E+02  0.594847E+01
  0.363261E+01  0.112414E+02  0.595177E+01
  0.363526E+01  0.948084E+01  0.599063E+01
  0.363791E+01 -0.119349E+01  0.600733E+01
  0.364056E+01  0.927969E+01  0.591818E+01
  0.364322E+01  0.170805E+02  0.598772E+01
  0.364587E+01  0.434866E+01  0.598010E+01
  0.364852E+01  0.177625E+02  0.602044E+01
  0.365117E+01  0.928736E+01  0.592744E+01
  0.365382E+01  0.112989E+02  0.595814E+01
  0.365648E+01  0.984100E+01  0.593682E+01
  0.365913E+01  0.226054E+02  0.603152E+01
  0.366178E+01  0.154789E+01  0.593247E+01
  0.366443E+01  0.632184E+00  0.590731E+01
  0.366708E+01 -0.263602E+01  0.592693E+01
  0.366974E+01  0.949234E+01  0.595244E+01
  0.367239E+01  0.809004E+01  0.595803E+01
  0.367504E+01  0.567050E+01  0.589301E+01
  0.367769E+01  0.258621E+01  0.589263E+01
  0.368035E+01  0.112605E+02  0.594453E+01
  0.368300E+01  0.164061E+02  0.599853E+01
  0.368565E+01  0.941954E+01  0.588552E+01
  0.368830E+01  0.364368E+01  0.594593E+01
  0.369095E+01 -0.373755E+01  0.592053E+01
  0.369361E+01  0.791188E+00  0.596266E+01
  0.369626E+01  0.245383E+02  0.592413E+01
  0.369891E+01  0.823755E+01  0.590778E+01
  0.370156E+01  0.974521E+01  0.594878E+01
  0.370422E+01  0.135651E+02  0.595336E+01
  0.370687E+01  0.117146E+02  0.591082E+01
  0.370952E+01  0.111877E+01  0.588116E+01
  0.371217E+01  0.224330E+01  0.592020E+01
  0.371482E+01  0.343295E+01  0.594647E+01
  0.371748E+01  0.186015E+02  0.592812E+01
  0.372013E+01  0.503831E+00  0.590013E+01
  0.372278E+01  0.126667E+02  0.590099E+01
  0.372543E+01  0.706322E+01  0.594485E+01
  0.372809E+01  0.621648E+01  0.597209E+01
  0.373074E+01  0.818582E+01  0.587658E+01
  0.373339E+01  0.669540E+01  0.592248E+01
  0.373604E+01  0.248276E+01  0.589853E+01
  0.373869E+01 -0.590230E+01  0.591360E+01
  0.374135E+01  0.239176E+02  0.590849E+01
  0.374400E+01  0.706322E+01  0.587399E+01
  0.374665E+01  0.121418E+02  0.591983E+01
  0.374930E+01  0.137931E+01  0.592932E+01
  0.375195E+01  0.150747E+02  0.589431E+01
  0.375461E+01  0.460345E+01  0.588906E+01
  0.375726E+01  0.877395E+01  0.592626E+01
  0.375991E+01  0.128065E+02  0.589850E+01
  0.376256E+01  0.226782E+02  0.592199E+01
  0.376522E+01  0.120613E+02  0.590560E+01
  0.376787E+01  0.135958E+02  0.589913E+01
  0.377052E+01  0.938697E+01  0.591282E+01
  0.377317E+01  0.382375E+01  0.593337E+01
  0.377582E+01  0.428927E+01  0.584989E+01
  0.377848E+01  0.140785E+02  0.593217E+01
  0.378113E+01  0.933908E+01  0.592161E+01
  0.378378E+01  0.749042E+01  0.594410E+01
  0.378643E+01  0.188506E+01  0.583508E+01
  0.378909E+01  0.377011E+01  0.583124E+01
 ========================================
Description:                            ly68                                    
Sample:            ly68  c=  2.610 mg/ml Code:       ly68                       
Averaged from raw files: cy_0036_00001.tiff cy_0036_00002.tiff cy_0036_00003.tif
Processed by: cbf-primus Sun Feb 17 13:07:47 2013                               
Channels from 1 to 1710                                                         
Angular axis file: /data/p12/users.2013/Cy.0217/aux/saxs-2/saxis-20130214.dat   
BeamCenter_X:   684.000  BeamCenter_Y:  1518.000                                
Mask file (beamstop): /data/p12/users.2013/Cy.0217/aux/saxs-2/mask-20130214.msk 
Exposure time (sec):    0.045                                                   
Pin diode (mean):       0.748                                                   
Reference frame:    1                                                           
Chi-value threshold:    1.450                                                   
 ========================================
Description:                            buffer68                                
Sample:        buffer68  c=  0.000 mg/ml Code:       ly68                       
Averaged from raw files: cy_0035_00001.tiff cy_0035_00002.tiff cy_0035_00003.tif
Processed by: cbf-primus Sun Feb 17 13:06:06 2013                               
Channels from 1 to 1710                                                         
Angular axis file: /data/p12/users.2013/Cy.0217/aux/saxs-2/saxis-20130214.dat   
BeamCenter_X:   684.000  BeamCenter_Y:  1518.000                                
Mask file (beamstop): /data/p12/users.2013/Cy.0217/aux/saxs-2/mask-20130214.msk 
Exposure time (sec):    0.045                                                   
Pin diode (mean):       0.739                                                   
Reference frame:    1                                                           
Chi-value threshold:    1.450                                                   
 ========================================
Description:                            buffer68                                
Sample:        buffer68  c=  0.000 mg/ml Code:       ly68                       
Averaged from raw files: cy_0037_00001.tiff cy_0037_00002.tiff cy_0037_00003.tif
Processed by: cbf-primus Sun Feb 17 13:08:28 2013                               
Channels from 1 to 1710                                                         
Angular axis file: /data/p12/users.2013/Cy.0217/aux/saxs-2/saxis-20130214.dat   
BeamCenter_X:   684.000  BeamCenter_Y:  1518.000                                
Mask file (beamstop): /data/p12/users.2013/Cy.0217/aux/saxs-2/mask-20130214.msk 
Exposure time (sec):    0.045                                                   
Pin diode (mean):       0.751                                                   
Reference frame:    1                                                           
Chi-value threshold:    1.450                                                   
 ========================================
