Sample description: 122017_NIA		
Parent(s): /var/folders/js/_bv5yn1j5hz2qq2z5bktr8kr0000gn/T/qt_temp.br8751 /var/folders/js/_bv5yn1j5hz2qq2z5bktr8kr0000gn/T/qt_temp.cr8751		
1.28E-01	5.04E+03	4.45E+01
1.42E-01	5.10E+03	3.88E+01
1.56E-01	5.02E+03	3.47E+01
1.71E-01	5.04E+03	3.15E+01
1.85E-01	4.98E+03	2.86E+01
1.99E-01	5.00E+03	2.63E+01
2.13E-01	4.94E+03	2.43E+01
2.28E-01	4.80E+03	2.24E+01
2.42E-01	4.65E+03	2.08E+01
2.56E-01	4.51E+03	1.93E+01
2.70E-01	4.32E+03	1.81E+01
2.85E-01	4.16E+03	1.69E+01
2.99E-01	3.98E+03	1.59E+01
3.13E-01	3.81E+03	1.49E+01
3.27E-01	3.64E+03	1.41E+01
3.41E-01	3.48E+03	1.33E+01
3.56E-01	3.29E+03	1.26E+01
3.70E-01	3.11E+03	1.19E+01
3.84E-01	2.95E+03	1.14E+01
3.98E-01	2.80E+03	1.08E+01
4.13E-01	2.62E+03	1.03E+01
4.27E-01	2.46E+03	9.74E+00
4.41E-01	2.33E+03	9.34E+00
4.55E-01	2.19E+03	8.89E+00
4.69E-01	2.06E+03	8.49E+00
4.84E-01	1.93E+03	8.14E+00
4.98E-01	1.80E+03	7.79E+00
5.12E-01	1.67E+03	7.46E+00
5.26E-01	1.57E+03	7.14E+00
5.41E-01	1.47E+03	6.84E+00
5.55E-01	1.37E+03	6.58E+00
5.69E-01	1.28E+03	6.33E+00
5.83E-01	1.19E+03	6.08E+00
5.97E-01	1.11E+03	5.83E+00
6.12E-01	1.03E+03	5.62E+00
6.26E-01	9.55E+02	5.40E+00
6.40E-01	8.87E+02	5.20E+00
6.54E-01	8.20E+02	5.01E+00
6.69E-01	7.56E+02	4.86E+00
6.83E-01	7.09E+02	4.68E+00
6.97E-01	6.41E+02	4.52E+00
7.11E-01	5.98E+02	4.37E+00
7.25E-01	5.59E+02	4.24E+00
7.40E-01	5.17E+02	4.11E+00
7.54E-01	4.77E+02	3.98E+00
7.68E-01	4.44E+02	3.88E+00
7.82E-01	4.18E+02	3.78E+00
7.97E-01	3.74E+02	3.66E+00
8.11E-01	3.58E+02	3.59E+00
8.25E-01	3.31E+02	3.50E+00
8.39E-01	3.06E+02	3.40E+00
8.53E-01	2.89E+02	3.32E+00
8.68E-01	2.74E+02	3.28E+00
8.82E-01	2.53E+02	3.20E+00
8.96E-01	2.38E+02	3.15E+00
9.10E-01	2.31E+02	3.10E+00
9.25E-01	2.15E+02	3.04E+00
9.39E-01	2.02E+02	2.97E+00
9.53E-01	1.99E+02	2.95E+00
9.67E-01	1.81E+02	2.90E+00
9.81E-01	1.79E+02	2.85E+00
9.96E-01	1.68E+02	2.81E+00
1.01E+00	1.65E+02	2.79E+00
1.02E+00	1.62E+02	2.76E+00
1.04E+00	1.51E+02	2.71E+00
1.05E+00	1.45E+02	2.68E+00
1.07E+00	1.47E+02	2.66E+00
1.08E+00	1.40E+02	2.64E+00
1.10E+00	1.35E+02	2.60E+00
1.11E+00	1.34E+02	2.59E+00
1.12E+00	1.29E+02	2.56E+00
1.14E+00	1.25E+02	2.53E+00
1.15E+00	1.20E+02	2.51E+00
1.17E+00	1.17E+02	2.48E+00
1.18E+00	1.14E+02	2.46E+00
1.19E+00	1.09E+02	2.44E+00
1.21E+00	1.07E+02	2.41E+00
1.22E+00	1.08E+02	2.41E+00
1.24E+00	1.07E+02	2.39E+00
1.25E+00	9.85E+01	2.36E+00
1.27E+00	1.01E+02	2.34E+00
1.28E+00	9.74E+01	2.32E+00
1.29E+00	9.47E+01	2.31E+00
1.31E+00	8.94E+01	2.29E+00
1.32E+00	9.01E+01	2.28E+00
1.34E+00	8.49E+01	2.25E+00
1.35E+00	8.38E+01	2.24E+00
1.37E+00	8.13E+01	2.22E+00
1.38E+00	7.54E+01	2.19E+00
1.39E+00	7.54E+01	2.19E+00
1.41E+00	7.46E+01	2.18E+00
1.42E+00	7.14E+01	2.15E+00
1.44E+00	6.82E+01	2.14E+00
1.45E+00	6.48E+01	2.12E+00
1.47E+00	5.93E+01	2.12E+00
1.48E+00	5.79E+01	2.10E+00
1.49E+00	5.61E+01	2.07E+00
1.51E+00	5.49E+01	2.06E+00
1.52E+00	5.16E+01	2.05E+00
1.54E+00	4.89E+01	2.05E+00
1.55E+00	4.74E+01	2.02E+00
1.56E+00	4.54E+01	2.01E+00
1.58E+00	4.11E+01	2.00E+00
1.59E+00	4.05E+01	1.99E+00
1.61E+00	3.84E+01	1.98E+00
1.62E+00	3.62E+01	1.97E+00
1.64E+00	3.57E+01	1.96E+00
1.65E+00	3.30E+01	1.94E+00
1.66E+00	3.28E+01	1.93E+00
1.68E+00	3.02E+01	1.92E+00
1.69E+00	3.00E+01	1.91E+00
1.71E+00	2.77E+01	1.90E+00
1.72E+00	2.62E+01	1.88E+00
1.74E+00	2.55E+01	1.88E+00
1.75E+00	2.42E+01	1.86E+00
1.76E+00	2.36E+01	1.86E+00
1.78E+00	2.26E+01	1.85E+00
1.79E+00	2.18E+01	1.84E+00
1.81E+00	2.05E+01	1.83E+00
1.82E+00	1.96E+01	1.82E+00
1.83E+00	1.88E+01	1.81E+00
1.85E+00	1.81E+01	1.79E+00
1.86E+00	1.80E+01	1.79E+00
1.88E+00	1.72E+01	1.78E+00
1.89E+00	1.76E+01	1.77E+00
1.91E+00	1.71E+01	1.77E+00
1.92E+00	1.74E+01	1.75E+00
1.93E+00	1.48E+01	1.75E+00
1.95E+00	1.45E+01	1.74E+00
1.96E+00	1.53E+01	1.73E+00
1.98E+00	1.88E+01	1.73E+00
1.99E+00	1.55E+01	1.72E+00
2.01E+00	1.13E+01	1.71E+00
parent: /var/folders/js/_bv5yn1j5hz2qq2z5bktr8kr0000gn/T/qt_temp.br8751		
parent: /var/folders/js/_bv5yn1j5hz2qq2z5bktr8kr0000gn/T/qt_temp.cr8751		
creator: datop		
creator-version: v0.2 (r2835)		
datop-operation: /var/folders/js/_bv5yn1j5hz2qq2z5bktr8kr0000gn/T/qt_temp.br8751 - /var/folders/js/_bv5yn1j5hz2qq2z5bktr8kr0000gn/T/qt_temp.cr8751		
